$ANSIBLE_VAULT;1.1;AES256
33633564666438366464643963363331653561373533656131323661386665323536303330383061
3962373637336362343063313234313937383763313461390a623036633231383063623538393934
61396162626236313634633738626365663038623931396532336137386261333331663361363264
3933613735326635620a356636656465303839376632333161666230636333346365343839656135
62633932373064643531306265363636626236353865663239636266636538613033363337653631
37316339396635313933643535653432313939353530303337306432663965613166336463366264
32343564393834306138616562396639653934616337316466383061353936633734376132326532
39323837363832393365396532303536326561636533663066343362306237636137353161316363
66386536333161353533663930636133636632643139333537613639633333316563626335656362
62333764343035643838626137343330353331646234386164336335636464303238373662636661
38366661396362386434623034396630386331336430366237353563306535376535363830643338
31326434626434663863663366643539383866656539666133336532373231663332303638383165
62623137353731373666323663336132643737316639663235326436663031663533373336303037
39623233646163656466393662323335393638613365383632306237663836663336316534656666
66663562353233613235646163333031656462626431323265663038373237663636386264326666
64396266336238646138626265323661326261656430636639376631363861356465346461383634
38626336616539613765616231363830393666626432376433376436323465323864653264386234
30373362623432326635366162356638323464303931613734646435656531626230643063623933
37396631626563396331366234386133623764363939363331313964323234616664633131333433
39383631646263373539
